 1 -0.308 -0.001   0
 2 -0.716 -0.037   5
 3 -0.019 -0.048 250
 4 -0.104 -0.016  15
 5 -0.074 -0.021  27
 6 -0.006 -0.003  44
 7  0.031  0.007  21
 8  0.009  0.003  33
 9  0.001  0.001  69
10  0.011 -0.001  -8
11 -0.000 -0.001 1007
12 -1.176 -0.984  83

I3
 1 -0.308 -0.046   5
 2 -0.716  0.016  13
 3 -0.019  0.007   3
 4 -0.104  0.004 -15
 5 -0.074 -0.013  11
 6 -0.006 -0.006  43
 7  0.031  0.000   1
 8  0.009  0.000   5
 9  0.001  0.000   6
10  0.011 -0.001  -6
11 -0.000  0.000 NaN
12 -1.176 -0.665 107
